276 20 20 37
70 19 5 3 37 37
87 17 13 9 37 20
87 13 16 12 37 37
87 16 5 12 37 37
87 14 10 9 37 37
87 18 15 9 20 2
87 16 14 9 4 4
87 15 15 9 2 2
72 13 15 8 37 5 1
84 12 1 5 36 36
115 4 18 0 37 37
104 4 2 10 37 37
98 9 18 99 37 37
103 14 7 0 37 37
121 1 3 0 37 37
103 7 17 0 37 37
103 4 1 0 37 37
115 5 4 0 37 37
115 17 8 0 37 37
98 10 6 99 37 37
104 1 12 10 36 36
103 2 4 0 36 36
98 0 1 99 36 36
115 15 8 0 36 36
104 6 7 10 35 35
104 1 8 10 35 35
104 6 16 10 35 35
98 9 17 99 34 34
104 6 17 10 34 34
115 16 8 0 33 33
115 5 5 0 33 33
115 4 19 0 32 32
103 3 1 0 32 32
115 11 9 0 31 31
115 4 4 0 31 31
104 1 11 10 31 31
115 3 18 0 31 31
115 5 18 0 30 30
104 5 2 10 30 30
121 14 3 0 30 30
115 12 10 0 29 29
115 14 8 0 29 29
98 0 2 99 29 29
98 9 16 99 29 29
115 5 19 0 29 29
98 10 7 99 28 28
115 5 6 0 28 28
115 16 7 0 28 28
115 3 19 0 28 28
104 3 2 10 28 28
103 4 0 0 28 28
115 5 3 0 28 28
115 6 5 0 27 27
121 1 2 0 27 27
121 1 4 0 26 26
115 6 4 0 26 26
115 15 7 0 26 26
115 16 9 0 26 26
115 6 19 0 26 26
103 7 18 0 25 25
115 2 18 0 25 25
115 10 9 0 25 25
104 6 2 10 25 25
104 3 3 10 25 25
98 9 7 99 25 25
115 6 6 0 25 25
104 6 15 10 25 25
103 14 6 0 25 25
115 18 9 0 24 24
115 6 3 0 24 24
115 4 6 0 24 24
115 7 5 0 24 24
115 3 17 0 24 24
104 5 7 10 24 24
104 5 1 10 24 24
121 14 1 0 23 23
103 7 16 0 23 23
115 4 5 0 23 23
104 5 16 10 23 23
121 0 4 0 23 23
115 4 3 0 23 23
98 10 18 99 22 22
103 8 17 0 22 22
115 17 9 0 22 22
98 9 6 99 22 22
98 10 17 99 22 22
115 7 4 0 22 22
103 14 5 0 22 22
115 7 6 0 22 22
115 15 6 0 22 22
104 2 11 10 22 22
115 4 17 0 22 22
115 11 10 0 21 21
115 3 4 0 21 21
115 6 18 0 21 21
115 11 7 0 21 21
115 7 19 0 21 21
115 2 19 0 21 21
104 0 8 10 21 21
115 2 17 0 21 21
104 7 2 10 21 21
103 13 6 0 21 21
104 2 12 10 20 20
115 10 8 0 20 20
121 1 1 0 20 20
115 12 14 0 20 20
104 5 17 10 20 20
121 2 3 0 19 19
115 1 18 0 19 19
104 6 1 10 19 19
115 7 3 0 19 19
103 8 16 0 19 19
115 7 7 0 19 19
115 9 9 0 19 19
98 0 0 99 18 18
104 4 7 10 18 18
104 5 0 10 18 18
115 18 10 0 18 18
115 8 4 0 18 18
115 3 5 0 18 18
115 12 7 0 18 18
103 3 0 0 18 18
104 4 16 10 18 18
115 10 10 0 17 17
115 19 9 0 17 17
115 3 6 0 17 17
103 13 5 0 17 17
115 8 19 0 17 17
104 1 9 10 17 17
121 1 5 0 16 16
103 8 18 0 16 16
115 3 16 0 16 16
104 5 15 10 16 16
115 0 18 0 16 16
104 2 2 10 16 16
121 0 5 0 15 15
115 8 6 0 15 15
115 2 16 0 15 15
115 8 7 0 15 15
104 4 8 10 15 15
115 13 7 0 15 15
104 7 15 10 15 15
98 11 6 99 14 14
98 11 17 99 14 14
115 1 19 0 14 14
104 2 13 10 14 14
115 12 13 0 14 14
115 9 10 0 14 14
104 3 7 10 14 14
115 18 11 0 14 14
103 12 6 0 13 13
104 3 12 10 13 13
115 11 14 0 13 13
115 7 8 0 13 13
115 19 10 0 13 13
115 3 15 0 13 13
115 11 11 0 13 13
121 14 4 0 12 12
98 0 3 99 12 12
115 13 8 0 12 12
115 13 14 0 12 12
115 9 8 0 12 12
115 8 9 0 12 12
103 2 0 0 12 12
115 2 6 0 12 12
103 2 5 0 12 12
104 1 7 10 11 11
115 12 11 0 11 11
104 6 14 10 11 11
98 9 5 99 11 11
104 0 9 10 11 11
98 1 0 99 11 11
115 18 12 0 11 11
98 10 5 99 11 11
115 8 5 0 10 10
115 15 3 0 10 10
115 11 13 0 10 10
115 11 12 0 10 10
115 0 19 0 10 10
98 9 15 99 9 9
115 17 6 0 9 9
115 17 10 0 9 9
98 10 16 99 9 9
104 0 7 10 9 9
115 17 5 0 9 9
115 12 15 0 9 9
115 11 8 0 9 9
104 6 0 10 9 9
115 8 3 0 9 9
115 10 11 0 9 9
115 19 8 0 9 9
115 8 8 0 9 9
104 5 8 10 9 9
98 11 5 99 9 9
115 9 11 0 9 9
115 11 15 0 9 9
103 2 1 0 9 9
115 6 8 0 9 9
103 12 5 0 8 8
115 0 17 0 8 8
115 19 11 0 8 8
115 10 14 0 8 8
115 7 9 0 8 8
115 1 6 0 8 8
121 13 1 0 8 8
115 19 12 0 8 8
115 13 11 0 8 8
115 12 8 0 8 8
104 7 1 10 7 7
103 8 15 0 7 7
104 4 15 10 7 7
104 1 13 10 7 7
115 17 11 0 7 7
115 2 7 0 7 7
98 10 4 99 7 7
115 16 3 0 7 7
115 16 10 0 7 7
115 1 17 0 7 7
115 13 9 0 6 6
115 10 13 0 6 6
115 8 10 0 6 6
115 11 16 0 6 6
98 10 15 99 6 6
115 12 9 0 5 5
121 14 0 0 5 5
115 9 4 0 5 5
104 2 9 10 5 5
115 3 14 0 5 5
115 15 4 0 5 5
104 0 6 10 5 5
115 17 4 0 5 5
115 10 12 0 5 5
115 18 8 0 5 5
115 6 9 0 5 5
115 17 12 0 5 5
115 13 10 0 4 4
121 15 1 0 4 4
104 2 10 10 4 4
115 9 19 0 4 4
104 1 10 10 4 4
104 7 14 10 4 4
115 12 12 0 4 4
104 3 8 10 4 4
115 2 15 0 4 4
115 17 7 0 4 4
115 18 13 0 4 4
115 9 14 0 4 4
115 7 10 0 4 4
115 19 13 0 4 4
115 13 12 0 4 4
115 2 8 0 4 4
121 13 4 0 4 4
98 10 19 99 3 3
115 15 9 0 3 3
104 3 13 10 3 3
115 12 16 0 3 3
121 13 0 0 3 3
115 17 3 0 3 3
115 9 13 0 3 3
115 1 16 0 3 3
104 0 12 10 2 2
104 4 9 10 2 2
115 18 5 0 2 2
104 7 0 10 2 2
115 16 2 0 2 2
115 8 11 0 2 2
115 16 6 0 1 1
115 13 13 0 1 1
104 5 14 10 1 1
115 15 2 0 1 1
104 8 1 10 1 1
115 16 11 0 1 1
115 15 5 0 1 1
104 3 9 10 1 1
115 18 14 0 1 1
115 6 10 0 1 1
